0
1
2
3
4
5
6
7
8
9
12
13
15
16
17
19
20
24
31
33
36
38
40
41
42
43
47
49
53
54
55
63
64
71
76
81
86
89
92
93
94
97
100
101
103
107
110
111
112
113
115
118
119
122
128
142
143
145
146
149
150
153
155
160
164
166
168
170
172
173
174
175
176
181
188
190
191
195
196
201
202
204
208
209
210
211
213
214
220
221
223
224
228
230
232
233
234
235
236
238
239
241
244
246
247
248
250
254
256
260
262
263
267
269
270
274
281
284
285
287
289
291
293
295
296
297
300
301
304
310
312
315
316
319
321
322
326
327
329
330
331
332
333
335
336
339
340
341
343
349
350
353
354
357
358
359
361
365
366
370
372
373
375
378
381
382
388
392
395
396
403
404
407
412
417
418
419
420
421
422
423
425
426
427
428
430
432
433
434
435
437
441
442
443
444
445
446
447
448
449
450
451
452
453
454
456
457
459
461
462
463
465
467
468
470
471
472
473
477
478
482
483
484
485
486
487
488
489
490
491
492
493
494
495
496
497
499
500
505
507
510
511
512
513
516
518
520
521
522
523
526
528
529
531
532
533
534
535
536
538
539
540
541
543
544
545
546
547
550
553
555
556
557
558
559
560
561
563
564
565
566
567
568
569
570
572
573
575
577
578
579
580
581
582
583
584
585
587
588
589
590
591
592
593
595
597
598
600
601
602
604
605
606
607
608
609
614
615
617
618
619
621
622
623
624
625
626
627
629
630
631
632
633
634
635
636
637
638
639
640
641
642
643
644
645
646
647
649
651
652
653
654
655
656
657
658
659
660
661
662
663
664
665
666
667
668
669
670
672
674
675
676
677
678
679
681
683
684
686
687
688
689
690
691
692
693
694
696
697
698
699
700
705
706
708
711
714
715
717
718
719
720
721
722
723
726
729
730
731
733
734
736
737
739
740
741
742
743
744
745
747
749
750
752
753
754
755
756
757
758
760
761
763
764
765
766
768
769
770
771
772
773
774
775
776
777
778
779
783
784
786
787
789
790
791
792
794
795
796
797
798
799
800
801
802
804
805
806
807
808
809
810
811
812
813
814
817
819
820
821
823
824
825
827
829
830
831
832
833
834
838
840
841
842
843
845
846
847
848
849
850
851
852
853
854
855
857
859
860
861
862
864
865
867
870
872
873
874
875
876
877
878
879
880
882
884
885
886
887
888
889
890
891
892
893
895
896
897
898
899
901
902
903
904
909
910
911
913
916
917
918
919
921
923
927
928
929
930
931
932
934
935
936
938
944
946
951
952
955
958
960
961
966
967
972
976
977
978
979
981
983
985
989
990
992
994
997
998
1000
1006
1008
1010
1011
1012
1013
1014
1016
1018
1019
1020
1023
1025
1032
1033
1035
1037
1045
1046
1050
1051
1053
1055
1059
1060
1061
1063
1064
1065
1069
1070
1071
1072
1075
1077
1080
1081
1084
1085
1086
1087
1088
1089
1090
1091
1092
1094
1095
1097
1101
1103
1108
1112
1114
1117
1118
1120
1121
1122
1124
1125
1127
1131
1132
1136
1138
1144
1145
1147
1149
1151
1152
1153
1154
1156
1157
1160
1168
1171
1174
1176
1177
1178
1179
1181
1183
1186
1187
1188
1189
1190
1191
1192
1193
1194
1195
1196
1198
1199
1201
1205
1206
1207
1211
1215
1216
1219
1220
1222
1223
1224
1226
1228
1231
1232
1234
1235
1237
1238
1240
1246
1247
1248
1250
1251
1252
1254
1256
1257
1261
1262
1263
1264
1266
1267
1271
1272
1277
1280
1286
1288
1289
1290
1292
1293
1294
1296
1298
1299
1301
1302
1304
1306
1307
1309
1314
1318
1321
1322
1323
1326
1329
1330
1331
1333
1335
1340
1341
1344
1346
1347
1352
1353
1354
1358
1360
1362
1363
1364
1365
1367
1368
1374
1376
1377
1378
1379
1380
1381
1387
1409
1423
1430
1433
1442
1448
1453
1459
1465
1479
1482
1489
1490
1497
1501
1504
1511
1513
1519
1523
1536
1537
1548
1552
1557
1559
1563
1573
1576
1579
1580
1582
1586
1602
1650
1668
1670
1691
1693
1703
1704
1705
1727
1737
1739
1741
1754
1768
1772
1775
1782
1783
1785
1789
1791
1792
1794
1795
1797
1799
1800
1817
1818
1823
1824
1830
1834
1837
1839
1840
1844
1850
1852
1854
1861
1863
1864
1877
1878
1893
1895
1896
1897
1899
1907
1915
1916
1918
1920
1928
1930
1931
1934
1940
1943
1963
1966
1972
1973
1984
1986
2002
2019
2021
2029
2031
2033
2043
2046
2052
2053
2054
2056
2059
2060
2062
2067
2069
2070
2071
2086
2090
2092
2095
2098
2102
2111
2117
2120
2126
2143
2145
2160
2161
2169
2172
2175
2177
2179
2180
2183
2187
2188
2190
2246
2381
2403
2429
2452
2457
2478
2479
2480
2481
2482
2484
2486
2487
2491
2499
2511
2514
2530
2541
2546
2565
2568
2577
2584
2689
2707
2713
2716
2717
2719
2766
2769
2770
2781
2807
2813
2814
2824
2869
2873
2883
2885
2887
2914
2922
2924
2929
2978
2979
3006
3020
3021
3029
3035
3062
3068
3069
3071
3077
3078
3081
3082
3087
3104
3105
3109
3113
3136
3138
3139
3157
3161
3162
3163
3168
3169
3170
3171
3172
3173
3177
3180
3181
3182
3183
3184
3187
3188
3189
3190
3191
3192
3193
3194
3195
3196
3197
3198
3199
3200
3201
3202
3203
3204
3205
3206
3207
3208
3209
3210
3211
3212
3213
3214
3215
3216
3217
3218
3221
3224
3225
3226
